242029,2277518819348804155259642641265702892282939632861841715054604716021603316000,21325826877200760236432329380452876522961538214672120088325987039121776881285
242082,71509001444867054838233433537062064568307869856348235515586221939727712066620,113146531123882470172831900017801630172124756756417640678883598580476228800815
244581,111799690297511986905666580821710104406515551789634109310808953438958652313852,89094761021479311018264340399334093432906388521579628433279095259249636359597
244718,114934962164272826237415792231418335949226580398424241727390741218616971031261,53965524307417026761803438982381552668234755477480033947995514675054566991433
244776,105290408302538005222360597404594697060780448605482535637135661525038472016821,46042030668867379943235964900355488350791245172818775418446337626842492296937
244960,9124225744650370312316352299697334757678020306120175827737658915172970539307,111450828080218031384917866907254150571389289350661092867570139835768343504510
245691,105697008971649025740144062510336669573894355502942918096361797208740043101555,7947449343334510456422666257396964803418837784372478641543433592922752867000
245911,27021648529648963050661175483532663149751359817940592740236056667538135961797,61705615858143303584356541049437831861178168344401149998437590463878664496613
246164,38443784818876676619545975026890762759462932288043263620191696227493200068805,74003906271436317242102648747677012768155447093111643798486800879946362391750
246164,69279596593222676133163221061027710273904214835954401549458628269700066735244,68886162484473886846560920695615158933825727088373143869977369326643224272378
246491,54554702977232205041320790567950325434262431093549617164031604482042306337518,46494110692114665035021807318519005461746923919487597431272527667899023052300
246500,29113055004333577441553285292340895750838638556871389297444846002632209361785,662854910600653358468039736214775941979774070838349123232359939836826857857
246506,115597634043925377050585974236405767975606837372619655202747116548788713361325,63454956953915831317970608325763538551994768858610009133535006280559720542648
246744,41676227794765441215918644261149602619443697280875460623754936742739161642680,21001666156825424859423897788163702880980293045206928924155876100130679474530
246892,6238929482088090635831011129378276069852441830149843522551348652534455376227,100085118143200886848942557286380698285239431256412125586080185845735051284616
246946,106467665398102785885629545573015403925637435004661313824646869959164398551016,102379362175948239633474605963560628061459254952077957017542926600814563521804
246965,27066313705986246846268583705143820000689736394888079610600746567863071216784,102049982230259258052386242397345366842863674618049061699897692019213937628910
247091,115562466354703767551939179449096702031847814260433331314198109343798996276645,9364662284398246578849026128955346432929520757467133489729483839146866731374
247145,45473694898574170073514855227255526402847688125299833171991008224017131281410,102387756977762947114150779658972311540398633448210097160750354260037151892236
247352,87971890958862583627316582744017247802507176693682797750702885783107085707758,80151089705201288276469899912050570536383454147568915406671795544870505000421
247687,63381162847988406629941850254327957382846482858720570636061444694134974450271,94915742371039677882171778661361250545263955256716583497128453450344611234092
247713,14041515962544931860023977463492725465738349753601400997904404946984168775559,63586717357815328430341151079432954081794892984266239458705906811703493696969
247718,77214569152236556527349085129925344705249523795171301049249373534459769091513,8056123339453823051211939460316305662404564141123342389500578002603917811147
247836,8336050776784322725198320685705517910519100319359868864394038035587839300335,41054090913430239731260354826787204364603641721198418938174061725727953990397
247836,40143867867316863327303081591434257614597645887474448099553090267597262547703,114911722597114464522153643485728509160738758002922458289849982224851090435639
247913,74259612242941651495442986529563339740720119776463772722103005250364282592519,1649048088361593591688678755937417355499791323318169395080051289226206133965
247936,19027499313685512021285847167022836968635823606778034783867061355199641485927,11952509698776723377030775726065099744319589649978778215184339633743962490672
247967,75253370741239699349451912661980368022638825161947126973840418534794552904190,58514141711514009510457672741670885318566368402503960875826258905607345019035
247997,97064833540182558654381601110192918335457330129616167877441683435691769235106,55571128356714219750928862923509683343714907705881502130135202866731908021753
248054,37007107919960009864662044927396385419118941619428074398780883913938052716184,84552822990075390563399990356910978042362686804528512714808465495510915805084
248054,97679274382580710659995083335387480344785720528124754759142038168174826347686,36556954211357359093373230656525743387774309130372348222165701472250490009473
248084,112975738691798842818773039159120088167665401768897508332738633507707507896076,85488802907261429092735481559671919864149880136971181666687212940895645677500
248091,11276004458313017782254915030550877274044122558605685152915502694269554766958,11012916145804442005648449794024515270147084226649708347973519994714295179910
248178,59769720303247907889536982549816387084194167120633948684459313014733227374321,13041722896616840164155109434998573715337070406922680194486708456743625169607
248304,40716130564420710594382168477461130703961719236863275834355379552247283082600,86849349555201879091881848218580035125459057528234200940996366740453795526055
248304,42572090514691710384504546729041772663083725485358770396295185034687109485848,104561397227542634046647008049246031149504100492146101617197022220721353133943
248304,46134227081469229514366262008512993763727628518849283513462428284059714692682,92554164500567343809547225256348365072769849206935136535866000084484994964688
248430,58037304114609393522804501228430008908678363476216120518822860868798661605375,111268046252096787220455697758371952245131298963198587503628847828740953325212
248444,109412612641628525778448576097874612060092778193283328310457237008553446909409,31185504854534685804622700380118498054603723365168214759833151508762598459522
248478,110967590859816514150816646449382161459971780353607544246523732161239163916210,39424589312175507388227535977942261056819064178940451969143804776704497116380
248508,25264027323974339975357108166902306155975598859869935131531317311985940545729,80002094085125350820007395244082353879391097807741796385802559419909673206654
248508,63834705378906610292887229647466645344654985524341691513841143988973057292575,36380766753949781641715744196907587384196860596263524319807062926722550880928
248551,102529412354611030424686490950641746078573844581138312134533921350819541379814,15012438268904634039604740451653913935213839088328824713380647596875068794255
248581,25661814089584368056154850306938562193257736728996696409693779840224127112016,98170682219027685214517794040060633596751000444526889661914833853112325485520
248596,92324619285658705310050894128476566078407493406487396067459811470394821045197,11474100425062354183691452917483281922527867652989956346802866822752472449516
248599,95417572131202156445019603529182330873507615681243383499395430859314164889944,29880358999327952118636820124386123551797613976374315735036592902340986621522
248602,44282640613922807150952973935690575717309288418147199130806106279727506018703,102405565362737437917334081890870929302964970934458708486667618655784356102723
248613,75484458539546184184871157348317249972268490570041819919836598366659474725568,52288128475127152434324944621629157166390549865831243057741726467124905366795
248706,75931108608308986903420160602286298245544793930153134585704355386066025278659,32971097722616650712767621725000541050244535629742939220911884167797765961977
248714,56140492669815886771908933606829455775688397265559494762939292358972152938841,48131182021091730035399770440087321668589087831997700244908805371479635400583
248721,71031058377548767472958503441594632475060031841928014810807618824100204154075,68553820857314648399509008468867975361534052127445565356653533915869520580304
248732,14102156172416157107253802297203131506783129168076892011714598961410518227549,61879599019249633348838836739268666557117132714803323484399514990047137009444
248790,46354515185891297799217591501901299553268556185250853752919704276633350826724,261876214105551116442943680549152938975524164654166973638631840877452726279
248816,41138192041542725909373121467378025312116053531932802043498151849853053529965,33635678764636170040832725550556188269445263754196360701716943776894987468350
248821,103598835616762070311222914197674797615062708710398642086337764669690317588946,50230271618616204054882806353556361519892933065986280218830588378710750803978
248834,77240897418246947691101743453924989739155734360979680293997600404208945866263,74807915514927316311263877815413544371786484292270374825745670877861491290963
248836,9698490840209623803233944721624687172008356380830798647342594922392136245633,49013938294161575069793199591741132179894559594907140404474186787666555691813
248836,13928754195406906131543507677244390398946368232543628966147754318298590964120,111170367237728444585146138430345009697083092772739766653420108833867232902379
248836,94593775306287140105349358817658291433185943368128893539277099951563281067722,107065345955418489879543727213289372092369008322507777006326305069695989908825
248864,14351344451447266802194631704173762031354013552088147288154161096533477165036,43422996802846837201185810827469218972819179730817375110697125656333026762646
248960,89311958432597884629290606133954626454208413928311926658499357959324901627085,49135938360373224584685710241602336168389844036051384463292658872602188598887
248965,111378495091992554377607163995192919451876753138233334235089788371159700427091,21688785649392650635573480378040039802068194913587232421902804409920948453836
249015,20489306091461699078525201812963855198777497839960805412379690148247808340290,88679407639490091328571069106877484096815169452358916395301363837759564578105
249019,44088948934341176074088998944643665488227460711864232901863882367249728097501,1775588045405638145098896577080445575357236336186027355103753696309796522335
249082,4622525912905367621047515985868313977527414395861329112567678960732387530711,7764880715924229696989192277013434395562216738307272374214286971482085799878
249087,9030935561850529012905794580794754079211810529820017143178385117057090446398,74104663890264806919510797486924451309487855354655576796478150631782872773948
249105,46948455176148576837061678287682855059617837724887396283107260517705505072133,31657034531685483662035299752955684709136189923340572877870101975748716458311
249119,36868916979403612103126376117830042867594606857718696817319527965915746945692,18471973990485030854058498985174089094553979057359537225031092603708911428474
249144,98086830688276526877299680963443002208931449885067539263015845730922956729263,13281652746799068588525794802937054150308920901553481622555822487382159858277
249145,49771735293240918265226308318108418027156585824161018567849399551634274364386,23952095024377681421542589683598995525432710228371334186201703414668244225386
249164,43526402927776947811304218802875956187515665790138865312673997342875259132859,24158583439514223446121421194438285084888073861098637406001103021515991454786
249164,10947331047259233895752164850300399697064912629289416037346045559818766434260,43343755655469174683694564523542940584876248458436958237594047382305656401142
249180,48408252239110623918920123026555633253467805457056500473370847181030856274112,42511254243971830194236501391130561745445741122963181113974021473675212475310
249199,88431940670277603015314325017941250072567428565779634514671827315011424065787,33623077791005955781385934922940337377462540599491655257208741458748557300140
249249,42070061725976315191695353838329878930065797343936528473397837498106269320507,107266220530672908142466930069531806548639765095441036409333386332359117051117
249292,71361763489889368794274019322607189130295855628251328012919498443645312033866,50230595339812274674953263626709979292288164517231293966333858138664170812745
249321,13415492416500663280728783301075949373447898267234330396223719099166430534682,50644732417593099280176413522983569274335560355687308488757483538295301532421
249382,21751625044068106076151793942040747860304079376401667570794787004356799561387,76581369942083124918357601807635458159963575497888173436985244475684683182137
249437,11874308054285647646631544654134372663147314363137105898922979078279861437698,94106932013216397349819926979519557310012607302928466853248194540556659660634
249439,60091366352840729598037263529007589224515724033550410903834412033976622603980,12563479737766316839249183420080520127516964623153426652742578998171832808422
249439,113753988731947618454889603642346503121718277602312118737659377928489089317982,78974410675428696160641974431096725455749017315724080681027931103287777274579
249478,58943427432091615896672392360810158782041866607512751223632033286092296873762,111063166695789449964819726356210857141974618429185937765234872971049592944740
249491,55714358852198696609856433264927155079883179149885081047491908721887436792513,67915545569415814706322710743589787722100443755649871556109614027437324866669
249613,57048496430130093513419011764580865595499662613360332863651739661331178281308,80787704043499097878944265089892110591690347600734883654225481397428756590168
249627,92106259658774785661359172216468220412180620566252865747214850617169178294853,12539142224551025120071788025053431202845428424603038360125084914990188080677
249647,107171038910006760051264863434820919163931630901992730379207617694516108786352,14115194642716822393876172844759860317476760145413302730580117399452327110960
249668,84131402948699310109871870157400186323643107530682213410284691149601702659753,90597263591001292271209490012949561317925581195716798167271439815449988495316
249668,111180029805274885667215975832703492497372307838584261647829450225803253112818,95714420248809137870611391077861763927438871529499999459776238138950638629391
249683,26485400874493340003269827461195965105224973687508033940060128151611370162703,112013749832187088849619341501309151386091506411054372134004048114159820714492
249691,27523763640832653720796950146151809887190733327298601735784546244475628306933,76225196482031332131659718220894041793739720059713297855132557630029698028149
249706,6847961609520099248437018311695900108556561322714755565444397976418650023094,72996274348834587115843258874737083739991452142478241266879785738761803235979
249714,53456928842060054907028680285408526636792005260046506910644417224965557448541,68523946662985756341396252054024378913054792483390765855412251045709147858492
249718,22202867739951361365045133394306030080535042560066080467158817853674654302892,26499944277993560465734214863165385955402958572935278284873285550559637805973
249721,71839039471527857909606167181701152724987189165175440144516144623600429892490,43113323391332307327791501029225030297663763131137746197376203367710918814673
249744,10298410568664739343315112324580357844700757655099817976703424169939563406679,17192801622778055632952402524803280417013634270727191444732422205899757304532
249790,90649402071790376801341527897767213603342807619254401198604613494341456881556,16028065614379030919623439867060786216226120259978480141194637229392350362735
249793,72925928999469641049107120748699211767073261079457176334438322078849603100172,67580736625264810279991365486734719145637946463961337871694763499579681110262
249816,7078650174899202334931064588358391758326489043179542838832389515258109583530,92363591340220920540365803281408690280033253748232492603788084101305302608355
249836,64619317552041727784014483512918590331505939181899100812197023351262691716165,80103559668409674160372903296853697568361321912199284169381954951169054101002
249864,43579438638329888632885981698260793990560130365677234935900241015197462150182,90600372833963063757862176406120861038348423670778108526946134177108097896928
